,A,B,C,D
2020-01-05,1.5784672582943922,1.046579783898367,0.7686843906766962,0.12035166089302692
2020-01-06,1.108046318967741,0.834366738699237,0.03937517306424243,-1.1327461157144088
2020-01-07,-0.14081150689311084,0.7819343107532912,1.0788935289903134,-1.3062761944887755
2020-01-08,-0.9666311773105143,1.6849311987468512,2.266511856900167,-2.2806854000464236
2020-01-09,-2.1596004845454457,2.633409705664817,1.508796645222404,-3.029249272200606
2020-01-10,-1.5091640113335407,0.9656334457209066,0.7500433910149891,-4.6987134319620365
2020-01-11,-2.4300317243268696,1.558558346729666,1.2111580366053287,-3.4142349443120255
2020-01-12,-2.334888128626537,1.91739764086691,1.1154800334455248,-2.4332536441215113
2020-01-13,-2.149271803656742,1.5232941768881765,2.6724003023636564,-1.024707781625389
2020-01-14,-2.4540483436869556,2.635851688586059,2.882226113072807,-0.21172073984296225
2020-01-15,-2.165491085716342,-0.05539830564459125,0.4795666538802572,-0.7365842567561287
2020-01-16,-0.41655930124673635,-0.2320211338938278,1.299064943828069,-1.3731690976208455
2020-01-17,-0.8739421049514602,-1.921314329193305,-0.023872847351639193,-1.491765614733409
2020-01-18,-1.1617954449396377,-1.8927899632126306,0.7032751439894238,0.27087709543938443
2020-01-19,-1.8249233164582854,-0.8650839501419414,-0.5742958093915227,-0.610749245463327
2020-01-20,-1.0063304648456657,-1.4089633166359148,-0.10130251609676594,0.07151469396085786
2020-01-21,-0.19122766096476607,-2.6785073640494836,-0.0590737098862083,0.7398126369252933
2020-01-22,-0.7550264608310472,-3.4037219908434095,-0.7545316422226079,1.8990266945144976
2020-01-23,-0.9771931671943367,-2.992242336898307,-1.1378616498682383,2.5732393356876564
2020-01-24,-0.35302008556113984,-1.8550001200829789,-0.9209698275493415,3.1460570528016962
2020-01-25,-1.2799437039216843,-0.4780332364160873,1.0500793209795893,2.964648088635439
2020-01-26,-2.3291417771891787,-0.9798249388271358,0.34290835002854747,1.8809500897560472
2020-01-27,-2.242890779077713,-1.4707128782756285,0.892054242046485,1.9423997307874856
2020-01-28,-1.6044291498807361,-1.2805002646562476,-0.3460079404148837,3.6861220822903915
2020-01-29,-2.824817591114596,-0.9053449725232792,-0.6215647430045494,3.4803331377800677
2020-01-30,-2.1379039338991856,-1.4020513302128546,-0.6878966377641016,4.141557106484152
2020-01-31,-2.9132540933253956,-1.0417457716069927,-1.479313701503028,5.041480720216497
2020-02-01,-1.4918526991390586,-0.25572196524627056,-1.247728235983179,5.237051206758947
2020-02-02,-2.1616885091763036,-0.8656399096741633,-0.6231251695140283,5.295939982135228
2020-02-03,-2.129531168046397,-0.9456355388825881,0.8671871582320629,6.362913052652434
2020-02-04,-0.886928967001078,-0.2690114215083126,2.332551011155834,6.90119767908712
2020-02-05,-0.5301309711615965,-2.7108774412836105,2.7629934904338294,7.7449466372062865
2020-02-06,-1.6193021934248544,-3.7386658488625875,1.7620901102971092,6.551344886425965
2020-02-07,0.34359288402184673,-4.059148685782486,2.7479852709549712,5.78218924659869
2020-02-08,2.512059388673773,-2.673681000764926,3.643552149867615,6.332024796345257
2020-02-09,2.3538752811515717,-1.9378959298897591,3.6002734527256246,6.271141573659034
2020-02-10,4.105831939055618,-0.9563108620856965,1.242184320813891,7.419792552374005
2020-02-11,3.5062932619677527,-0.2925079492068744,1.4786685552954326,7.409266032190199
2020-02-12,2.327296312885289,-0.24087063635444317,2.291529894160077,5.985670356443391
2020-02-13,2.0305115604459094,-2.724759463582361,0.7303978113811709,7.2849928113134075
2020-02-14,2.634983066355587,-1.8951977966011226,0.07299797485794823,7.276791001723728
2020-02-15,1.4531467850502553,-2.0567662377575244,-2.339763425441354,8.81308245976944
2020-02-16,2.2824659748285017,-0.22507399609722478,-2.372736764560889,8.579194257935661
2020-02-17,2.7185209297253814,0.22183262604716697,-2.7478839976138985,8.051962404418395
2020-02-18,4.669342257281054,0.5778132650323611,-2.4389820277972394,10.261033706641474
2020-02-19,6.6787709172851155,0.3336598593649903,-2.3720580971399974,11.090823398568286
2020-02-20,6.199394229745411,-0.6541016104291848,-2.4173363568520783,12.502645480293006
2020-02-21,5.835876735213938,-1.5148191739089425,-2.7480074060255393,12.515620780289478
2020-02-22,7.079452190542444,0.029093594928831346,-1.1122502842809803,12.701975419701894
2020-02-23,8.425683661623147,-0.03600225944972163,-2.31773415012825,12.87409098823161
2020-02-24,9.372875991186834,-0.8328841150166286,0.1319776996778006,15.0378217196545
2020-02-25,9.625969311092934,-2.6846934494583596,0.02760234212975883,14.552088615125577
2020-02-26,9.766063088924739,0.09928411990561559,-1.0340811399974204,14.559822324434721
2020-02-27,8.376192727582795,0.7187729037797975,-0.2614378470534823,14.101860590340836
2020-02-28,9.173815207380388,1.7465341036039361,1.6210005527225975,13.953375021420577
2020-02-29,8.13179831585941,1.764224982914188,0.9448217504080959,15.51332190086749
2020-03-01,8.24759769297863,2.625887895434608,1.4923719895829535,14.881275761284849
2020-03-02,8.344414590040731,2.5571121988274323,1.4835578720273592,15.373994545116165
2020-03-03,8.708767698352517,1.87199288730015,0.5909605905448867,15.775901793861841
2020-03-04,10.345887082434727,2.987146400468357,-0.04559229856173608,14.564902767924258
2020-03-05,11.268752382715615,3.874089635669656,-0.08232650590207097,14.862910507839224
2020-03-06,11.31393427893712,3.6558835754764134,0.4899471034972686,14.528744840499174
2020-03-07,10.996146002113035,2.5125142797668745,1.552287754736001,14.535209770684279
2020-03-08,11.447676507325257,0.9955079510647791,1.346001610987432,14.132809727125679
2020-03-09,12.368512318573847,1.9090080003550416,2.262928515701168,13.603505583573165
2020-03-10,12.239466326317945,2.3820503163416027,0.8829927176838794,13.782434584370963
2020-03-11,12.704343219059766,0.7522757272232907,-0.005369707881414887,15.15225833131443
2020-03-12,11.743753147140005,-2.0354055500748203,0.957391961762691,16.368745266694088
2020-03-13,10.82751343895775,-1.7604070645656642,-0.328185543416999,16.55378476048968
2020-03-14,10.039499423536807,-1.5592154522035648,1.9184381418728425,17.002767423647484
2020-03-15,8.852351482933626,-1.7880017348308825,2.0918028195286484,15.595960243541063
2020-03-16,8.513886804852172,0.555310915203328,3.243258168210726,15.431734502115292
2020-03-17,7.251569789320564,1.2096643628834354,3.00290900915883,16.510579491245814
2020-03-18,6.103325010645462,1.3574354522966834,3.435357311844801,17.715771098897555
2020-03-19,4.349145622233474,-0.18526512409911722,3.6862427288970085,18.150076729935822
2020-03-20,4.485702778492387,-0.34083333075671585,1.0118002817050917,16.862002640057224
2020-03-21,4.7188444408978025,-1.7409307154930076,0.2657207027752141,16.196107940967956
2020-03-22,3.7934933480520185,-1.4853396592593984,0.2171352229085555,15.207945321610755
2020-03-23,3.689880842951891,-1.7323235571037614,0.6894558011591803,16.691372583823714
2020-03-24,3.451493205492799,-2.241914779919847,0.7856452317740934,16.113466176051368
2020-03-25,3.371493063899208,-0.5031448754456702,1.609665106825306,14.806945041387587
2020-03-26,2.974746754627452,-0.6967063403578407,2.250594449549929,14.292142358517477
2020-03-27,4.452178629302721,-0.2732784975491873,2.9124000025477836,14.371728197161401
2020-03-28,5.672099676589482,-0.8663906341815246,2.218143919623854,14.271270127777775
2020-03-29,5.852997105601709,-1.509602450190267,1.8210166992886754,15.135100505106784
2020-03-30,5.31487325967041,-1.1173141696478708,2.806856673644041,13.251901341469047
2020-03-31,3.2210848898370195,-1.2673400816391602,4.387455342955952,11.673694690051557
2020-04-01,5.813068306298847,-1.199337398645921,5.4237503513043785,12.563074110063756
2020-04-02,7.786022423170002,-0.6144904128217792,5.797506236241247,13.787989714441816
2020-04-03,7.279112113940385,0.7961292433599023,6.284159505988182,13.439170688932444
2020-04-04,8.058109393082448,0.3834805326064674,5.649276498781793,12.396632049810481
2020-04-05,8.234948783243523,0.8656687079744412,5.59021269625099,11.576332732298578
2020-04-06,9.358371454552016,0.07748015098271,5.256691135536744,10.320808387619381
2020-04-07,8.897755418732524,-0.9526280347751083,5.466293275185535,9.79823447318543
2020-04-08,8.049250542734718,-0.7016476523902024,4.967255864282111,9.50026192246208
2020-04-09,7.163423573430717,0.6761034986115844,5.000110714309769,10.544707291008875
2020-04-10,6.748150595667322,1.9723664544858368,2.1213575032846346,9.833906082764766
2020-04-11,7.258781779300636,1.2834605866007993,2.906108066330602,10.316704036723046
2020-04-12,8.453548211503024,1.584006414278828,3.215643422967992,9.634713246518185
2020-04-13,10.000096864720687,1.2065441591581365,2.9771715392897016,10.23695129366245
2020-04-14,10.937831211908444,2.503983364400179,1.707749022639134,9.277950464394834
2020-04-15,10.801587547338723,3.2607525159866753,0.8728710551670645,8.760346131047427
2020-04-16,10.018080124889188,4.869951264717773,-0.4661552589232808,8.750645331115066
2020-04-17,10.429658678886192,4.657333483673266,0.8137788110629322,6.5201620337772646
2020-04-18,10.4877693670953,5.947496414691603,2.7315388011990707,8.429721393433567
2020-04-19,11.896351082923333,4.569355682042113,2.254888991779456,8.348539020775286
2020-04-20,11.334892969760588,3.09069711593931,3.218803852164565,9.291091758018409
2020-04-21,10.573767309702871,2.754835083578484,3.830787073217142,9.46739195861291
2020-04-22,13.824546705106782,2.0630247766656042,3.5338094092303285,9.422100169409582
2020-04-23,12.768273560591917,3.26729515760312,4.060649216748679,9.946911097150412
2020-04-24,13.10330032191799,4.656656490641996,2.6403362186510706,10.68304203535777
2020-04-25,12.076280747890006,6.296304894020606,0.5372619351661925,11.268204951048393
2020-04-26,12.462277972220155,6.224836034105683,0.6140915841234227,11.534885364087021
2020-04-27,9.660747230408154,6.653811468160121,1.143480658182023,11.233657066112173
2020-04-28,9.432717219266413,6.601522314688,1.5148332528706245,12.35362028137955
2020-04-29,11.458363074512977,7.299391891806136,2.318662998259416,12.147972444073417
2020-04-30,11.347480310535401,9.113307866857646,0.839340429556011,11.479226498372224
2020-05-01,12.072955915853067,8.275744521130495,0.08353683983761073,12.124551791009116
2020-05-02,10.482749057411548,8.555148830373973,1.5284544139737317,12.27826293313149
2020-05-03,10.591129749584063,9.409134106924895,1.564152393510524,12.313182677315472
2020-05-04,10.494857168264758,9.032456805919383,1.8577111505625494,10.945498524157516
2020-05-05,8.615867046118135,8.624759313961011,2.180865259041782,11.142701325938576
2020-05-06,7.284648140313308,8.022028917069466,1.7270815282582936,9.789005198964546
2020-05-07,5.9577385724986325,8.13651723273876,3.9323239439995556,9.817341661689763
2020-05-08,5.356041082373835,8.884472883155475,5.931964915599235,9.654215925110524
2020-05-09,4.792905115404628,10.428558465865017,5.186563757747944,8.399522684221857
2020-05-10,5.833486661636476,10.291981256698906,6.759546155853279,7.713891727257618
2020-05-11,6.716915591785682,8.702882956176138,7.030347489978089,8.748251549046195
2020-05-12,7.345864917605074,8.107387269358838,9.010339675343264,8.665579758738492
2020-05-13,9.007473100168422,6.7144152880899375,9.417289518577432,7.897808656144703
2020-05-14,9.47554450839478,8.68430442264848,9.057290937372185,8.342764666314533
2020-05-15,10.386535630290595,6.992982570022837,9.350427296080955,9.398311909840007
2020-05-16,11.292907400759217,7.381817473804831,7.134183003835055,8.452992076259386
2020-05-17,11.301552450897953,8.622438261391796,6.7363932330869405,8.058268384771306
2020-05-18,10.820914511963325,8.831291236407477,4.9607897517520465,9.903911848920426
2020-05-19,12.705179322789297,9.378124812290961,5.8821747951782335,8.647554370573527
2020-05-20,13.65514881889174,9.832840286789066,6.781929245600079,8.728001333610818
2020-05-21,12.70981369835809,10.961430857185208,6.7253833375111025,9.160115369715145
2020-05-22,14.089004860620006,11.865290238012038,7.05518141653367,9.019584415250208
2020-05-23,13.887345632615,11.423247199194687,10.084864404224145,10.809390101477817
2020-05-24,14.7048727122954,13.058889626995082,11.31472678878516,10.725338404337158
2020-05-25,14.525301884824154,13.462302253797471,11.41027841714904,9.158782064556492
2020-05-26,14.438502520469594,13.561257875500447,10.996823866959382,10.358668871207076
2020-05-27,16.20245115076376,13.464091837284428,10.279659663056636,11.235373622561372
2020-05-28,17.313200314025906,13.151790618313855,9.243946737106643,11.724802076202712
2020-05-29,16.306332131431407,12.72110645533085,10.169788315029045,14.998535129473233
2020-05-30,15.771644485466416,12.430834965553615,10.078907022160035,17.021400122526668
2020-05-31,14.782316346242041,11.986359523789416,9.604342498214749,17.463789423376515
2020-06-01,15.021258767326811,12.183540882012503,9.224805046740101,19.184695267438006
2020-06-02,13.872431887525227,12.39003880732899,9.319199765165775,20.697915298210347
2020-06-03,13.550624337878196,11.213585720302026,9.599396974136576,22.85704966620323
2020-06-04,13.222695866971085,12.39224866178995,10.742346317739134,21.570893336818223
2020-06-05,14.281755184133798,13.084069137899746,11.007432102300395,21.47908063019914
2020-06-06,14.821476104838052,13.936886772852176,10.490292814212824,22.281161100831984
2020-06-07,15.735094451499778,15.014770977547027,10.871801453951722,21.991368602123785
2020-06-08,15.564205684311206,14.699752723784098,12.13286126800422,22.2827475070947
2020-06-09,15.344024535506904,15.085091113507353,10.76228892901561,22.585602390426327
2020-06-10,15.66988721615007,15.057145944851705,10.766485556266863,24.44530944664445
2020-06-11,14.845153255958564,14.964858069012699,10.046543915496635,23.28004389612576
2020-06-12,13.641521331808173,15.924837088930806,10.48725141915504,22.971974590822494
2020-06-13,12.748442813233389,15.631266815061093,10.021084181127899,22.26357921087319
2020-06-14,12.019006937752158,17.019410348186497,9.325173647644078,20.594227996692272
2020-06-15,13.479001205614306,18.396633474243387,10.12110881526494,21.018079178895217
2020-06-16,13.632752364749393,19.846898185017903,11.549850040236407,22.701683625998378
2020-06-17,13.459018787842906,20.307946251452343,11.242295746553003,23.330340499513532
2020-06-18,13.65263400125889,21.37982982037344,12.091631730904199,24.152317647814662
2020-06-19,13.004549115736086,22.11746531974552,12.828052249521798,22.790186550719625
2020-06-20,12.28897349253017,22.169377666420647,12.857108451974643,24.427610035040423
2020-06-21,12.092669336006763,22.779481631028055,12.317500325851034,26.29658916439873
2020-06-22,9.4081923212673,20.448577807493862,11.173141417571635,26.478555870130148
2020-06-23,8.76581977578867,19.11240586247932,11.28570256569976,25.901958225772855
2020-06-24,10.123322770801193,19.065092684270198,11.731078328851707,25.643065373317828
2020-06-25,11.323934020664138,19.33592165863761,11.101994447755626,25.206122878099933
2020-06-26,10.453199959398093,18.059073426637408,10.299283619555723,24.61267242415725
2020-06-27,9.61181290138314,20.180032369290245,10.976369827295956,23.254505123715717
2020-06-28,10.923780291293337,21.44899279563094,10.358703404384217,23.87364196629511
2020-06-29,9.811274281289952,20.94229410045318,10.976253120366584,22.33530390858625
2020-06-30,9.830161513900558,20.29495916543666,10.975015524683572,23.869386390295787
2020-07-01,10.47678140510983,19.459803986912988,12.009856619801976,23.77185143093318
2020-07-02,11.625728165815396,18.642465370866915,12.969712312899233,23.241858620979656
2020-07-03,10.822559284463654,17.805038804887214,14.360136416065833,22.564504047785018
2020-07-04,11.002629336759991,19.457714410297907,11.724917975966079,23.011499499476407
2020-07-05,11.778405443859185,20.26367772004479,12.92907151778759,22.467053941845577
2020-07-06,12.158499911291507,20.74964398758516,10.806322154556861,23.00767114874629
2020-07-07,12.127125366116259,21.007424563626806,11.645526392218596,23.86289951548207
2020-07-08,12.279429966084512,21.229340980652236,12.028549155511513,23.821655692725095
2020-07-09,12.898165849168942,21.806798815868586,9.627617328828816,22.721363937535493
2020-07-10,12.253854241762168,21.941910930174636,10.415131490879254,21.999202031607464
2020-07-11,13.550913582192647,20.971247448508606,10.959297026852841,20.41904501694186
2020-07-12,15.418089038435904,21.73025825815163,9.220227372986445,20.90718312718221
2020-07-13,17.443573882825312,20.781066573678263,9.065220635234796,22.47494250864139
2020-07-14,17.573506912181823,19.946366743673025,7.945997160707023,20.224029367163745
2020-07-15,17.094597500802028,19.134707447073676,9.505781998117081,18.699666629163374
2020-07-16,17.27090505241702,17.743958903941397,9.823517877041171,18.151367442437326
2020-07-17,19.123038944632953,18.90064287493394,9.125712324335407,18.58783178512597
2020-07-18,17.29297613994185,20.229653176130135,10.291595288312505,16.725949756104672
2020-07-19,17.93416249278181,19.77084340537791,10.0061333457787,17.672155242995707
2020-07-20,20.167261440568616,18.845575247311874,9.666061548240437,18.416094913971214
2020-07-21,20.87569310438855,19.29719454014622,9.238506747501512,17.92155928660533
2020-07-22,20.674829502649647,17.858240693613475,8.628496731433282,17.96384098129005
2020-07-23,21.395063302714117,17.906823151005888,8.840781314974416,17.415609420249297
2020-07-24,21.149544912501028,18.06940062789517,7.625385078751027,16.915147395155707
2020-07-25,20.24958807059825,20.528246750188295,8.159873006471882,16.885993059392284
2020-07-26,20.34648593581727,19.437822233991586,8.42124940652842,17.432594636779054
2020-07-27,19.454376824584063,19.20041445539632,9.025265662444616,17.69082037258992
2020-07-28,20.455142618302094,18.910635269630884,9.163431155519156,17.506112502861242
2020-07-29,21.804831099546128,18.33546926272364,9.50379228147867,17.76237683931747
2020-07-30,21.939182997526135,20.041872398517334,8.627497568615782,19.292191710451718
2020-07-31,21.322585568629073,22.146621668957927,9.029592124184049,20.663933750972696
2020-08-01,21.637525308434775,24.03542661331384,9.56356220286919,19.355172351713126
2020-08-02,22.402964208384756,25.497860394639847,8.690075144618099,15.36657808650801
2020-08-03,22.71443349432847,24.977411297387874,9.355266113724928,15.244095647502686
2020-08-04,23.471774454021908,23.88230996890188,10.561065694876167,13.708606716147894
2020-08-05,24.179620505074496,23.80287899266726,12.127471736677473,13.296448278307293
2020-08-06,26.85049998359237,23.88225509002339,11.546555887682413,12.560392536084452
2020-08-07,24.305423252886786,23.6814432097135,10.618856833174098,11.46227364511484
2020-08-08,23.90038952413524,24.145895427688977,9.506644826602464,11.12966786151002
2020-08-09,24.485169955274152,24.562289098501473,9.240683202950645,12.225184064828975
2020-08-10,24.66262391027844,26.321839870238513,9.711691351055634,12.262732489061975
2020-08-11,25.43990263605135,27.30253510195671,9.338144540581133,10.69096035865344
2020-08-12,24.0806594759096,28.84318539271771,8.901087747956995,9.093425625376382
2020-08-13,23.611009033336238,29.48233804841396,8.911338055607576,8.960265945428905
2020-08-14,23.8720474534417,29.245354332687473,10.672115058997294,8.353962640078255
2020-08-15,23.565789733521544,27.94941397384319,11.855509373400649,9.43384535174373
2020-08-16,21.440533642812486,28.243343640492828,11.90318587568287,9.065035980292942
2020-08-17,21.278155411823587,27.548892970532723,11.239644540828458,8.699624948029545
2020-08-18,19.500899885437313,27.32445207615432,9.87708206961237,8.835503211244191
2020-08-19,20.873943434085255,27.6097359952121,10.152106163956194,7.435987828885532
2020-08-20,20.33329625070247,27.65486046661626,10.668843616545669,7.1850198457112855
2020-08-21,21.00336133876067,29.21850004251472,10.112102781056794,7.718443639823048
2020-08-22,22.193098299967925,31.035124776996614,9.257739663973439,7.922867354550416
2020-08-23,21.817996986269847,29.880171485382547,9.701119174168943,7.126487248590874
2020-08-24,21.127185726571426,30.603983965269606,10.140193220670838,7.4373808986945456
2020-08-25,21.68864873692398,29.114957217220574,11.067037780406688,9.385095608874593
2020-08-26,19.690094907163214,30.064826780804513,11.295928481337864,9.657332854893758
2020-08-27,21.71807129025092,29.68829758409321,10.177317292762561,9.74174159548423
2020-08-28,21.259604526888307,28.759787254737642,7.712483724648564,8.767080167469496
2020-08-29,22.39539168535054,29.040197425771737,5.113028130096074,8.651297512833274
2020-08-30,20.56787293778176,27.659878946921033,4.185399831042916,10.022397634806365
2020-08-31,20.794481968825576,29.98467851500404,3.839679472177156,9.472502853941894
2020-09-01,21.878383704539573,31.109834337612224,3.881039207639905,8.95835669988957
2020-09-02,22.975793518132537,31.884588237532295,3.8513252135988103,9.124331081096615
2020-09-03,22.16588911059837,31.157961810668716,2.9465253229074553,8.905022000796317
2020-09-04,22.863823488423343,31.13977927043457,0.8613172124015298,8.54387826419434
2020-09-05,23.84906339315843,32.522209419365076,0.6146170914099132,9.407438684449337
2020-09-06,23.103159238507626,33.228877749832314,2.2407013762902093,9.264591171652416
2020-09-07,23.586484209479607,34.99177400239395,4.319904761268031,8.12920412471775
2020-09-08,22.180565941911823,34.94766248628511,5.427455837490497,6.184325968588695
2020-09-09,22.1476325384617,32.99264110056012,4.471330717643551,5.77012402019561
2020-09-10,21.5353517615968,33.301031105273594,4.470930393116945,6.863017312902597
2020-09-11,19.99835573945521,33.378518460948314,4.5712470908082645,7.220739336458661
2020-09-12,19.778442844407238,32.436866387801956,5.44055734871027,5.415296433511447
2020-09-13,18.8195499524691,33.117839835693886,6.2760683648838365,6.832026640837593
2020-09-14,20.08554755287507,33.78445150779108,6.86831899397549,7.896868654685906
2020-09-15,18.14631614432959,33.84357130288757,8.965599941108152,5.880307710037345
2020-09-16,16.88959304891616,34.59294290096941,8.808672183020015,4.0182898263474955
2020-09-17,14.575136934790894,34.31369030101901,10.506307137083033,3.8649371938663704
2020-09-18,14.04086953341279,33.07929581959339,10.71050193029087,3.1681417934081693
2020-09-19,13.771458555066323,32.69942572874406,12.01715062753703,2.614726591151442
2020-09-20,12.754321697362647,32.7368734958444,12.557696084495701,1.8087556666864286
2020-09-21,12.995795018145659,31.63796061866849,11.565658269542938,1.3210576072223355
2020-09-22,12.746444556101872,30.02819145964456,11.789445971718479,2.271553805129334
2020-09-23,12.588102332210147,29.85477950365455,11.46356019876128,2.9652577360404937
2020-09-24,14.711051940634414,28.657697932411203,10.72702145864195,2.6069238776532973
2020-09-25,14.930863715287952,28.43469266850778,8.525802640625272,2.835602947489898
2020-09-26,15.653413697317044,29.53536124290609,8.384029268230343,3.402844928173068
2020-09-27,17.675604837306697,30.540016302959106,7.287921313736246,6.04478989774804
2020-09-28,17.090842106102944,29.847531879431205,6.114200434919668,4.1638698050570335
2020-09-29,17.692835754055253,30.827820869299718,5.878248381744098,5.991910292846681
2020-09-30,16.93692304117579,31.18301124656207,6.940218389936704,6.302037387696195
2020-10-01,16.22917075807495,31.055371067518973,8.185442364624539,6.279528772648718
2020-10-02,15.508278604170512,30.593802996420543,8.411929610925492,4.948623350638947
2020-10-03,16.280153817665795,31.5480214550911,8.551402423760095,5.545617366734123
2020-10-04,15.947180560708818,30.748153156438427,10.424116201344464,6.559993786660227
2020-10-05,14.003805225333334,31.49107092072294,9.844136342827625,4.539857508069372
2020-10-06,13.838001396355095,31.886102901214976,9.078056918934886,3.0371628729972997
2020-10-07,12.417149837449259,32.44275883130057,8.665433381979163,2.3576471772563137
2020-10-08,12.01098490470661,33.25848681331179,8.839363939633502,1.3216232155122825
2020-10-09,11.82790360858598,33.63100996554161,7.93182734692896,2.620026615256756
2020-10-10,10.144844146992181,35.06219306015324,5.9755478880961945,2.2777018279534222
2020-10-11,9.706727078779554,33.07347982717028,4.386889488523644,3.253216116879416
2020-10-12,8.682307377511288,33.35263290550599,4.756808436304048,1.2308002153292765
2020-10-13,7.640527793363339,34.17930759785029,4.9752412851837375,0.724982321797632
2020-10-14,6.300513492613976,33.01498776282453,4.107265850261789,0.9432903989527952
2020-10-15,6.619781783435311,33.545097941921625,1.982903886951887,1.1242850689061066
2020-10-16,6.654716557066948,34.85166020994308,3.235852406187509,0.48454214242091054
2020-10-17,7.607057941992826,34.86175802120609,5.043030016420172,0.7096009946049526
2020-10-18,6.064277641583875,34.542858399781196,4.618327081505242,0.7475264827414941
2020-10-19,5.76154552953943,35.241312907712064,4.946503687064458,-0.25607904545222493
2020-10-20,5.751723057411524,36.41005972530864,6.405328286553214,0.3999148162145165
2020-10-21,5.239172836621539,36.072159959974044,7.307412149123472,0.4954088744496773
2020-10-22,4.024068990734358,35.675807354525276,7.7635983129746835,-1.0150718780599246
2020-10-23,3.982697658028889,35.43788543464066,8.767987735898592,-0.3861051765547855
2020-10-24,6.013643566670803,34.61101011498883,10.135998367249021,-0.8857955063468664
2020-10-25,6.636471435567846,36.36443553159975,10.211537846143887,0.37013389030836874
2020-10-26,5.550105562946448,38.39680019399698,8.70806866454165,0.3672974860380505
2020-10-27,6.285566950936049,36.726955046548184,8.317927383272472,1.0542814575245287
2020-10-28,5.491579933008783,37.04119601902806,9.045690140111729,0.6910376262160763
2020-10-29,5.051049005322628,36.73883060219772,9.436249788574226,-0.18215206041594256
2020-10-30,4.886089170010265,38.11464458382565,10.214249930059632,-0.10178360894401312
2020-10-31,4.629870055299826,38.956952605476815,10.279806102494572,0.4375907579651063
2020-11-01,6.747137786384312,38.82017868509088,9.63513675754852,-0.6083975671227364
2020-11-02,7.701418561654248,37.42408670552034,10.33956009963208,0.7211765319308361
2020-11-03,7.784425173288953,38.53460364736623,10.21403912539379,0.08481377196435602
2020-11-04,8.099302234243847,37.8305228863778,10.100758534282782,-0.09607095196118359
2020-11-05,8.16122036578462,38.07481630451326,10.55035943028285,0.9265969651334434
2020-11-06,7.750760172704534,37.445720288364484,10.590884507768518,2.839220473056399
2020-11-07,7.5709365905927095,37.0591367551436,10.889829008346199,1.5364744919050284
2020-11-08,6.223363694340078,36.15784353369032,10.082934149048844,3.1931701021093066
2020-11-09,6.519891629603726,36.75048560463115,11.261744253234305,2.788421439744472
2020-11-10,5.23314137629702,36.19376656767566,10.110351767536653,3.9257113133048955
2020-11-11,4.858314219405419,36.33020290342185,10.38434780394032,3.5113280732085306
2020-11-12,7.804742706688616,35.65343987171773,9.804465650993961,4.506923232649301
2020-11-13,7.381414967847666,37.24508064478405,11.32265919612275,3.020478819169882
2020-11-14,9.988208516164985,36.257459573720624,11.714268199063916,2.795269488789865
2020-11-15,9.127003911306558,36.44156548504301,13.449439304184791,1.3126500184220895
2020-11-16,9.855240954947472,35.748338114658004,13.311869323131061,1.313495938380294
2020-11-17,11.009067710467367,37.62991627055538,12.579445589362729,0.7185049230079198
2020-11-18,11.333809935735605,37.47273850872948,12.756878001033567,1.0840529885994643
2020-11-19,12.303453468355194,35.580822405027654,12.7458739659379,1.4937183511775953
2020-11-20,11.856818355391017,34.18021812897455,12.446893917294977,3.0044028055607597
2020-11-21,11.905802345162812,33.910454227266044,12.98237080601592,2.7733587643975346
2020-11-22,12.26336145875635,34.487243120604894,12.313865698789211,4.479980276013026
2020-11-23,9.436946704857396,34.300351140584354,12.65385738598692,5.524277608255748
2020-11-24,9.52986700580504,33.41159827427773,12.240746487704676,5.905152645134889
2020-11-25,10.836276047371674,31.753755866991252,13.13359715999617,6.585596780151273
2020-11-26,11.015634911863359,31.364771416782474,12.924650275063806,5.639650819489849
2020-11-27,9.34884558245229,32.66467802153328,12.646549527531118,6.193672257400759
2020-11-28,8.13546881062754,32.66804373162969,14.133247234360368,5.649251541610129
2020-11-29,8.87451431314312,33.56094495050106,14.07033118371391,7.210158624487196
2020-11-30,8.6168362548074,33.94346829072738,13.800063290166099,7.725932243072134
2020-12-01,7.198976432450861,35.02441434025585,15.485642780972125,7.520719880313544
2020-12-02,6.484194384409329,34.7276826011104,15.543692519082292,11.548805818257357
2020-12-03,6.055625095996152,34.4703336538752,15.123240216666604,10.640236003596488
2020-12-04,6.734743034645802,35.28218463057572,14.364525772810817,9.054302576630336
2020-12-05,7.071650204343575,34.96936896818691,15.66289584314667,9.434633714598112
2020-12-06,8.166284422378608,34.04830785523518,16.28862498796797,8.853698915413911
2020-12-07,6.801360473570318,34.63082258695774,14.864096745181685,7.831142491046322
2020-12-08,6.573156858369414,37.33350135395228,14.666987119053786,7.819509831900293
2020-12-09,6.331167896338893,38.22923170724187,15.44660502930864,6.072848872747161
2020-12-10,5.557829800552954,38.93177103532256,15.004494111744325,5.953274256858011
2020-12-11,6.979176305975956,41.908632687794984,15.322361999465537,6.8869569726555415
2020-12-12,6.1866853914396716,41.56800381876379,15.037996100297292,8.686576985697005
2020-12-13,6.401146305494507,41.26411663147584,15.771312582477869,8.375789613067502
2020-12-14,6.759770795821073,41.41738832485831,15.489908698929625,7.8168312735363275
2020-12-15,5.810672288544474,40.729407924202604,14.767133938785127,7.393549609321107
2020-12-16,7.198044089732456,40.80753547902442,14.189310718187789,8.315097034582475
2020-12-17,7.671954181720387,42.269646870424495,15.744008746492119,7.341447005496087
2020-12-18,6.3283102691429,42.253661990343545,15.908203568160438,9.836963790465784
2020-12-19,6.080301436017677,43.255899550330085,15.42668702394509,10.037900811499126
2020-12-20,4.416207233721188,42.108572578262944,14.115021982012152,9.98664361584175
2020-12-21,4.641940501967044,40.9319925266904,16.10829053357966,9.73525081625995
2020-12-22,4.828881060717749,40.71318981645783,14.87550340723275,7.628045155998681
2020-12-23,5.220092658485228,42.280932441553716,15.241402862070819,7.176569148304273
2020-12-24,6.324604623986822,42.172317534427506,14.461891466124067,8.037277077257249
2020-12-25,6.626906302049924,42.188903389176104,16.342449739764557,8.763889786544658
2020-12-26,5.556509105019311,43.26201387789766,14.867473706802128,8.594544554228454
2020-12-27,4.045639858615971,43.863068449938574,14.643780346160451,10.454611658226158
2020-12-28,2.9592963317772156,44.43587648135175,14.825715991644303,9.892937794240126
2020-12-29,4.801252146183136,44.94413774261952,14.169893051337837,9.745646550828639
2020-12-30,6.244754272531153,45.07079849644692,14.039795057818068,8.652780387196882
2020-12-31,4.371546984116574,45.93065115231359,14.352200271009693,7.627193475586179
2021-01-01,5.285303943125238,45.86926221080937,15.266128936990054,9.077845947858917
2021-01-02,4.3545204201445324,46.545817632888706,15.854793250699538,10.554753691101407
2021-01-03,3.8420741648571557,46.843785415796276,16.106099798694196,9.514493747600252
2021-01-04,3.379949270225601,48.10911109287006,15.808441841536371,9.63267393067827
2021-01-05,5.340974998747279,45.90490282989749,16.819492827931576,9.078673737646104
2021-01-06,4.266377311597126,45.79714584945946,17.12881200258041,8.454118221442133
2021-01-07,4.257428100522065,47.73537500248539,17.296786203584745,9.271124056314385
2021-01-08,4.886473447085194,48.00906250225669,18.939987297837085,10.85077590650622
2021-01-09,3.6561868591606568,47.481593119743636,19.215252230086918,9.640102934689631
2021-01-10,5.1059129449932605,46.955548032903735,19.068772309520106,9.597770724866486
2021-01-11,5.402373550279746,47.42903275557748,20.97959335023222,9.847626106452633
2021-01-12,5.806363965616531,46.6968375758457,22.66844183187235,8.94209183028923
2021-01-13,5.064839028597506,45.61934711755304,23.51874859434148,9.20982913368752
2021-01-14,3.6394801413293276,44.37838475945403,23.16987616000639,10.127511366131174
2021-01-15,3.5432023472598875,44.010808063026936,22.047123737024492,9.264063662721066
2021-01-16,2.7043424449983746,43.785295948187034,20.8458093153069,9.948196350771488
2021-01-17,2.710194842827831,45.16310352502378,20.100083424921593,8.819554723952875
2021-01-18,1.568395756865462,45.43307709616939,20.75435858465279,8.423793684989645
2021-01-19,-1.9011161803602388,45.04428869336307,21.118502969627354,7.355893019233002
2021-01-20,-3.1007180804142136,46.55190737417221,20.60355251066283,9.011160155293098
2021-01-21,-3.7040347688952266,45.089575076691936,19.908919447637462,8.374987980679755
2021-01-22,-2.4127383531400137,46.013429182686075,21.26378305414422,8.836193220062295
2021-01-23,-2.6389882849289314,45.85024102672142,21.684177522680113,7.9418556370922735
2021-01-24,-4.199411418139765,46.18663491885968,21.829128566000286,6.74542383051482
2021-01-25,-5.122633025436601,47.0957898925134,21.17310538583314,6.165593999332288
2021-01-26,-5.606513959278673,46.99265961281014,20.496138121306554,4.709622605744578
2021-01-27,-6.533751319518475,45.12981906189446,19.863095903748505,5.546197108678358
2021-01-28,-8.419145992841276,45.96682773264654,20.25204989593419,5.305745524240801
2021-01-29,-8.25215263591103,46.92152141630981,20.529348378120353,5.27828225943436
2021-01-30,-5.857670003749684,47.56693824303579,21.016263513807072,6.219914294913094
2021-01-31,-7.604548172049531,47.31674472230849,20.661618551810825,6.755235876221417
2021-02-01,-7.627404170825169,47.61510855026747,22.53128431276916,5.797765746730202
2021-02-02,-9.51691555982724,47.09816551088993,24.20599828944078,5.218568650441767
2021-02-03,-9.160511458303645,46.77731724061149,23.512007523744206,5.3770976516949105
2021-02-04,-7.706898515604014,46.83035353620315,23.340070553370413,5.613142688389505
2021-02-05,-8.293020568098864,48.26827149028173,24.544298300560566,5.071054783509934
2021-02-06,-7.652698455542329,47.92746698535943,24.455768372511496,5.7422002117248105
2021-02-07,-5.641449403856603,46.457218244259494,26.191807124917315,5.682188691035182
2021-02-08,-7.162664929566096,45.56033641326804,25.91956582491811,4.990919909164948
2021-02-09,-7.277515686030251,46.71728143824169,26.060405198164997,5.184108108007854
2021-02-10,-6.950120699173831,44.461186890517226,25.674335761439572,2.9123267975851435
2021-02-11,-8.507046353265888,45.82423000985031,26.295806842049846,2.1013272159110237
2021-02-12,-8.864449956776216,46.47019744047404,26.56442523812402,1.8591297855078537
2021-02-13,-7.883508760288857,46.57439768756858,28.265964686563912,0.36569476610979046
2021-02-14,-7.918834449433835,47.6202633078581,29.0721117628397,-0.2837691660867262
2021-02-15,-8.231352903841186,47.97539407589754,28.10960445363298,2.0188345910515957
2021-02-16,-8.1123386413218,50.90075353532917,28.299828961106204,-0.08281621760756819
2021-02-17,-7.850227949795199,50.55782040586833,27.78184978495932,0.9611645607401371
2021-02-18,-8.16265073731613,52.49449740316233,28.02902325821088,1.0127061982506436
2021-02-19,-9.320369614167387,52.77418182550577,27.47635756930498,0.08462333975580072
2021-02-20,-8.522329307147833,53.3963612671777,29.05064358423449,-0.7280694908838594
2021-02-21,-8.231549238424968,50.9453605798725,27.44786913756418,-2.2254419341601883
2021-02-22,-8.17969203673977,51.147043089161514,27.808410791118398,-1.1822170168049067
2021-02-23,-7.886857687385418,51.59053574449377,28.020332282250305,0.5656383031651084
2021-02-24,-7.457799995776131,50.84911529975921,26.723416203812427,0.4368357997696355
2021-02-25,-8.77811981923488,51.65717300055176,25.373195407652528,3.203878151805534
2021-02-26,-10.207898249834223,51.37423266764535,23.86622105757981,2.829783786896265
2021-02-27,-10.953868910252982,51.31783799892637,23.924475678641755,3.1275206760789884
2021-02-28,-10.728355413094965,51.598252876139064,23.774191510731296,3.237300992349892
2021-03-01,-10.498942955358588,50.37436639499067,24.481551114920837,3.6491873436196585
2021-03-02,-12.082366591259039,51.096147472667454,23.44212310197309,4.366992613303054
2021-03-03,-12.514256355718361,51.749119644321276,23.929987625604955,5.384351866406246
2021-03-04,-12.463443587815568,51.90288211487347,21.439143903413495,6.027705445469751
2021-03-05,-11.699459175167071,52.45915208714612,22.40017574086784,5.418895533895334
2021-03-06,-12.652499039424795,52.690743425279116,22.0649193067408,2.7381840682917256
2021-03-07,-13.733171900222311,53.197970838595126,21.008034333309503,4.268314883134302
2021-03-08,-12.782724995540347,52.074914563866535,21.732105044105072,3.9282088400835393
2021-03-09,-14.259667502786442,52.06975466422948,21.887818576074526,4.317973435891118
2021-03-10,-13.69534974786535,52.74161865376692,21.00545585164815,4.498513805367354
2021-03-11,-14.833218124639545,52.98697321192829,20.682582444725853,5.2372673037932405
2021-03-12,-15.405706739661865,52.53084874538242,21.353684701035217,6.240420140562086
2021-03-13,-15.541190506155358,53.05735811394936,21.284317178055137,6.942522842811721
2021-03-14,-14.896710291333447,52.97613933267188,21.173912139029696,7.241802979708502
2021-03-15,-14.629700474781462,50.89845510613921,20.940954228736736,7.4454731595236945
2021-03-16,-14.857580724680393,51.78611994683061,21.585944868427127,7.655702735062277
2021-03-17,-13.948129372970085,52.32869472072141,19.331723273770027,6.5484101508098185
2021-03-18,-12.603050416965702,52.56307053943775,20.067597403409284,7.267587729245822
2021-03-19,-14.490776424616984,53.40265851248816,20.150990421011098,9.119467765159365
2021-03-20,-15.582419747224092,52.4270240674199,21.356272324407573,9.828301790809345
2021-03-21,-15.705045323029855,53.74870130172661,21.496189066687368,10.334903430091666
2021-03-22,-15.457016365685021,53.38271614364348,20.844689864043563,11.530564978228352
2021-03-23,-17.294745519550418,53.79232538083788,20.304020065853127,12.527434266162503
2021-03-24,-17.889710098689882,53.665471259351136,18.53463670099755,12.279243319684548
2021-03-25,-16.559802500656698,54.69034830562041,18.474228644059096,11.853180391974398
2021-03-26,-17.65814271747074,55.156463362082924,18.874808396163168,12.256595053802869
2021-03-27,-18.635682184818556,56.8957673508517,17.79789861171473,11.356913378215058
2021-03-28,-18.027380868867283,57.126642828543226,18.141089248570115,11.317450520846474
2021-03-29,-17.64814546475941,58.20744746616538,18.429169220012003,11.196269536915917
2021-03-30,-18.215523165008598,58.958614755452835,17.490088283563686,11.784617781556987
2021-03-31,-18.870901408154122,59.07285780055874,16.806869628967515,11.533289248709957
2021-04-01,-17.234533264220893,57.92257971096344,14.782018127083559,10.114329513407553
2021-04-02,-14.375207680612206,57.0357460166134,15.407975664325676,8.569861977594845
2021-04-03,-14.792476623153352,57.11869077572348,15.658398872558703,9.053360691797943
2021-04-04,-14.221158793735508,57.01661238878914,16.499828426533877,9.995568717463357
2021-04-05,-14.662937948811793,57.86753866055715,17.08142624007101,10.080977636865313
2021-04-06,-14.786143486276808,58.15168836042801,17.102071574168995,12.767989429652262
2021-04-07,-14.480222025103423,57.6324791414787,18.631301145462157,15.18320077971905
2021-04-08,-14.366392289031209,58.579302208526435,19.950587601568966,15.705881649540064
2021-04-09,-14.521538044879042,58.31036336615291,18.93685964822954,16.14182781759862
2021-04-10,-16.09440899808108,57.75693851688604,20.791339141009303,16.134908976103194
2021-04-11,-16.076605537930654,58.79754796103564,21.031259052994056,14.931651692614453
2021-04-12,-16.886926882803365,58.9801752573512,22.076245273018984,14.78518716551833
2021-04-13,-18.62746191430295,59.43441218785983,23.09047968798248,15.281234401718828
2021-04-14,-19.21113802958429,59.89659001849213,23.270916881211054,15.629572231701271
2021-04-15,-19.75296075059777,58.70877524509185,22.85033765548289,15.789323072373529
2021-04-16,-18.396875713941313,57.78624233211404,22.56461540112617,16.79871740079286
2021-04-17,-19.658678646281533,56.43496022272228,21.75723617406595,15.591935253126461
2021-04-18,-19.151306102628592,56.20658555835629,21.989914676681757,15.474222740993843
2021-04-19,-19.349931300724002,55.969394338673226,21.438952925831373,15.950561755265293
2021-04-20,-19.026049208741192,56.432388935947344,22.120450027019118,15.397767625167345
2021-04-21,-20.54228700472234,56.944332579955756,22.56799619311715,15.354687461076463
2021-04-22,-19.55520756350906,57.6587901022768,24.18783618325189,14.517821918751437
2021-04-23,-20.836128117748338,56.88225349909828,23.645719200403185,13.795508270237196
2021-04-24,-21.99290015798886,58.14035554878948,23.41241811558468,14.159974595201446
2021-04-25,-21.341683168330196,57.973906483738105,24.706311068133314,15.03195196001752
2021-04-26,-21.954703074614393,56.62636456032542,26.322090349322146,16.552648531765595
2021-04-27,-22.539333183923624,55.88237870710192,25.977033534790383,17.1739224816957
2021-04-28,-22.377579451543202,54.83572038890375,26.648775339159297,17.158765564880834
2021-04-29,-23.275128413123657,55.412303700418775,26.85679467876071,16.94974288953603
2021-04-30,-20.891793592910403,55.226715615107175,26.37485620476283,17.046595740254574
2021-05-01,-22.22956757681631,56.66024133313934,26.82295150547578,14.62624359299916
2021-05-02,-21.994199152368278,56.8006070921456,27.49543234469026,14.104824077755516
2021-05-03,-22.97409086259867,57.3429486785192,28.698298864030807,15.553869529393982
2021-05-04,-23.542459429108643,55.909066731573944,29.248087879512354,14.617104847753062
2021-05-05,-20.793890244644743,55.153399729999805,28.477833516148014,16.000185985690177
2021-05-06,-21.284623716365665,56.18861959945505,27.133907661675355,15.260838026747951
2021-05-07,-22.712619275986192,56.55882011113127,28.765694115018853,13.897002895776858
2021-05-08,-22.379472335891457,55.77543308082515,28.646369202452064,14.748917912665084
2021-05-09,-23.129930277500904,56.45972326249211,29.076064412525636,15.229823959467144
2021-05-10,-21.76071114862786,55.64811830476675,28.211251048658383,14.444583556006235
2021-05-11,-22.86196582120947,56.93043537901412,30.576987729169588,14.0239984659242
2021-05-12,-24.40196638820335,55.03230811037691,30.895115115248235,13.412052691674756
2021-05-13,-24.120692452570893,53.29725909777264,31.663563077159214,11.856383039001408
2021-05-14,-24.38864479472895,55.893996372094726,32.61884697326109,10.575843262603179
2021-05-15,-22.475721647176353,55.23419819493221,33.00453144509249,9.260324047384199
2021-05-16,-24.125032900118793,54.86232703044277,33.82633620122269,9.831077734137324
2021-05-17,-23.56387147763634,53.763652684101245,33.538890551768326,10.392584326345283
2021-05-18,-22.58909859713259,53.38546326138904,34.19247278164755,9.707836175922978
2021-05-19,-22.516833952075125,53.77903209075048,33.94526942811042,9.398345484138368
2021-05-20,-20.687321300281102,55.15330897719538,32.930090244712325,8.96383733754058
2021-05-21,-22.5904371896618,54.7112298298062,35.293733746542365,8.373203318979376
2021-05-22,-22.416365072511482,54.04202844663171,33.80857656384573,9.929998597843621
2021-05-23,-23.232204361394416,52.979232353061825,33.77365573248112,8.700590574346716
2021-05-24,-23.5286915754032,52.79144666608675,34.321103345106366,9.200115900251982
2021-05-25,-24.051341766266017,53.4080717075238,34.40262151161478,7.833625941393649
2021-05-26,-24.328028435993343,53.92226456743326,33.3094494422009,7.4548445162630665
2021-05-27,-23.61489618540245,52.364532217859036,33.12462110423322,6.300270243798674
2021-05-28,-24.080398099450324,51.199930414369376,34.075777984245164,5.817348446319669
2021-05-29,-23.74694599875097,52.31012461012955,35.17842103211129,6.349974617216364
2021-05-30,-24.217245584099366,52.159019672990794,36.86784482841374,6.2210172971173945
2021-05-31,-23.302665839659625,51.13373954313241,36.02136934080342,5.823778517391558
2021-06-01,-25.077961249958314,51.18809620385648,34.376445928801004,7.22407821224779
2021-06-02,-25.099694226418016,51.04346731604359,33.96343711761403,7.30619417807038
2021-06-03,-24.668064455282504,49.80456488254361,34.01288389037074,7.093278572956514
2021-06-04,-24.502256912153246,51.09738563434507,32.87238342532934,7.50169548201318
2021-06-05,-22.343286274269524,50.270864354025875,32.59015742446421,5.298847026475014
2021-06-06,-22.241392986219505,49.77402982984906,33.015163708368014,5.482944977632025
2021-06-07,-20.714131692410977,49.751089935109405,33.81084840565261,5.622133095339655
2021-06-08,-21.841169898909865,49.703134086408575,34.86985639503939,5.23092561267555
2021-06-09,-21.982874128996798,52.18992636623372,36.37301401236742,7.19416872706589
2021-06-10,-22.48729525568783,51.947511967021605,36.556418777542696,8.311643104259831
2021-06-11,-22.515453849943043,51.34221297309684,37.9038970999813,7.940509274117266
2021-06-12,-22.04681153466179,51.66798946441334,37.31273213844121,7.277351556387865
2021-06-13,-22.97344913858741,53.62222557186167,38.01139167224335,8.235555868609401
2021-06-14,-21.866420361447247,53.83952170584384,36.7240584717647,8.410283860596943
2021-06-15,-22.999737799325395,54.045707361507965,35.96404372905135,8.019421483000807
2021-06-16,-24.32805263046983,53.97278826033164,36.010548091205116,7.959515446059487
2021-06-17,-23.112507697497414,51.52799225369475,34.79175921760219,7.345304827030029
2021-06-18,-23.024428799721193,50.399493766402415,34.959870412589844,6.824315118993512
2021-06-19,-22.59802530834123,52.516754057884725,35.089517736062504,6.474274110859814
2021-06-20,-22.860202308790907,53.15509096087619,34.412310480639334,5.577631058519291
2021-06-21,-24.56949540567844,52.52487686280604,32.975813892864906,6.186981111546094
2021-06-22,-26.117136612037008,52.79311450840717,32.98580367413622,6.540573797598813
2021-06-23,-27.34339193314629,51.929371875444616,34.70764247650422,5.325135945124423
2021-06-24,-28.544417825636785,52.38642701703296,34.26202546927206,6.205171294766587
2021-06-25,-27.725603883750303,53.330256879284974,31.203313878059095,7.778102768477383
2021-06-26,-28.393484326991352,54.98647714139705,30.026524361725937,7.60315694009852
2021-06-27,-28.54952674001024,57.310682696699324,29.206523357354342,7.871333089261417
2021-06-28,-28.34229828530134,57.187464693475434,29.826480979907696,7.54977119034944
2021-06-29,-28.745217851712752,55.76556112981185,28.570442734316334,8.406001708030745
2021-06-30,-28.963084793124906,56.088870979113686,27.67846649340291,9.539133801648768
2021-07-01,-29.045058491840948,56.29847966436191,27.54638943976877,8.028931884233282
2021-07-02,-28.846593685586072,55.627890770918356,27.643458196220426,8.710320266520645
2021-07-03,-26.96917536981414,55.97425504016367,28.074786923268032,9.3695782664123
2021-07-04,-26.272191116009125,56.07009184918763,29.517283971414656,10.224972868312756
2021-07-05,-25.526887759241976,55.78418137552757,28.079912375199303,9.4969645930954
2021-07-06,-26.200180234866913,57.9853015911953,27.48353562232142,9.989778767734574
2021-07-07,-25.491209388241227,60.30118179920662,26.5451325870857,8.944163194373989
2021-07-08,-27.08841681407673,60.378945382070306,25.644495143215003,7.952176159687657
2021-07-09,-28.002156153113766,60.21180045065789,25.720933749957897,9.253546910624241
2021-07-10,-27.640175986866133,60.425453666859255,26.044657355702952,8.991096751482772
2021-07-11,-26.060799125475434,61.62236484678487,26.417869550740804,7.718969308242037
2021-07-12,-24.77632156290008,60.81705125488291,24.510708593094733,8.550056532706027
2021-07-13,-24.84684441634121,60.22772424223943,24.778062251122144,8.262149045122419
2021-07-14,-26.103054227093136,58.70049657753448,25.78818682996579,6.415562661749217
2021-07-15,-27.16647746437008,58.12888271262884,24.977035199605726,5.8326801078238395
2021-07-16,-27.22830967894603,57.1866578950238,25.829243291427712,4.683436177088154
2021-07-17,-26.510369364255585,56.45606481717785,25.893783772588378,4.735010877464947
2021-07-18,-27.17195726006941,55.569878169728604,26.4807705838449,5.935101563114596
2021-07-19,-26.21081830704565,54.03252320345944,27.56621925513457,6.155021616842471
2021-07-20,-26.381794152686485,55.30636133114421,27.57303132137738,6.568988787127969
2021-07-21,-26.694350972328433,54.5844890539963,27.8666142000244,7.418868149234976
2021-07-22,-27.264589558502028,53.63633281986572,27.11146310849593,7.978609981863474
2021-07-23,-27.37593992919923,53.130035695552216,28.64443539678258,7.002468507465856
2021-07-24,-27.95077080853959,53.566387305842106,29.323201412161907,7.011555064816889
2021-07-25,-29.736287607997472,52.877324984469105,28.951215068599694,5.488992865354245
2021-07-26,-29.332566799030253,52.207112896216444,28.72152671455706,6.726145415382139
2021-07-27,-30.979145932213328,53.961772327835995,27.28948018593269,7.807767172500052
2021-07-28,-29.791727939655605,54.26723159194946,27.784523509477978,7.927081687064857
2021-07-29,-28.73468403525885,53.27996651628699,27.548561781678902,8.711435162704174
2021-07-30,-29.494775561744373,52.463090193565435,26.43919192665048,9.883076553690252
2021-07-31,-28.375147293666082,53.21753330460429,25.29105380671433,9.551913167459768
2021-08-01,-26.701889094797604,52.93099321977384,23.14460166559015,7.959594089912275
2021-08-02,-25.91263141878033,53.9720580918773,24.391750140162753,8.390065907361429
2021-08-03,-24.250496499190515,53.87332758666141,25.408664132084485,7.884584926814791
2021-08-04,-24.58567545958785,51.59262777193801,27.271083217142042,7.291999674458072
2021-08-05,-22.914704992152245,52.80640419466523,27.2883096651394,6.366803331072494
2021-08-06,-23.596693574213717,52.5940079472391,27.349513327334027,7.281344673945284
2021-08-07,-22.840336546816307,52.611606845206744,27.726901749438422,5.656408605235666
2021-08-08,-22.404554239622207,53.39305068212956,26.71852604280947,5.956326861776146
2021-08-09,-19.473375484971957,53.83545202926878,25.446047891906133,5.8141895375456745
2021-08-10,-18.293991808125657,53.0014656074661,24.916518930722628,5.259908183510688
2021-08-11,-19.53779838570201,53.32813228848198,23.412659337450535,4.899866630474788
2021-08-12,-18.666031856426137,53.95859316117192,23.393528248404635,4.128345036107873
2021-08-13,-18.720023393023226,56.3805050241747,23.181070008746705,4.125147904009121
2021-08-14,-17.029487818722092,56.33145441050244,24.493674516707305,2.5166586868225487
2021-08-15,-18.204621293961367,57.307326427829054,22.95976424924075,3.428023513922529
2021-08-16,-17.4447664376922,55.29481816230046,23.09444249506073,5.554861376055715
2021-08-17,-18.38035326266283,56.34913866510117,22.982957657165265,4.6297673647813475
2021-08-18,-16.8024649432786,55.21941690642799,20.974564726414435,5.100954245233978
2021-08-19,-15.928569962683277,55.42227878122366,21.367845272781608,5.986025214502394
2021-08-20,-16.58165382995477,53.597648220705864,20.58829925482792,7.392347115986782
2021-08-21,-17.017502108579784,55.309623978054674,20.969921099992046,7.7670268738290735
2021-08-22,-15.881973753667904,55.74424457206982,20.70638450427903,7.547793522807775
2021-08-23,-15.359310305122778,56.08476390066871,19.94453067167684,7.127556818911736
2021-08-24,-12.100173018210475,57.445630465571554,21.231242031678168,6.802748627601286
2021-08-25,-13.610572957863885,56.151780059260275,20.46796537631798,7.13295775560885
2021-08-26,-13.030491758955332,55.30646226066082,21.217711731586295,7.020893842230962
2021-08-27,-12.6523211020365,55.7541856496269,22.204435711475433,5.454140803303824
2021-08-28,-12.951903586055717,56.81619478015609,20.930036901973846,7.314912227867468
2021-08-29,-13.79844862556892,57.389161520615176,21.778700651729718,7.474469290768724
2021-08-30,-14.380399590935738,58.30555493291698,22.6620767714079,5.943524250802925
2021-08-31,-15.03801086795666,59.41048089019048,23.992852392012253,6.361318571157846
2021-09-01,-14.835312498367967,58.63762357155742,23.066136762710403,5.255207868998096
2021-09-02,-13.849929151244034,57.0840088789257,24.94813058473181,5.600198856752203
2021-09-03,-14.958054914147406,59.985023420184014,23.80931866744441,5.0230618221507095
2021-09-04,-16.38244154472895,61.41736109217485,25.164225339337943,5.126944120476713
2021-09-05,-17.089527226014987,63.54566260282032,27.90512212923202,4.389813910066239
2021-09-06,-17.14681193251158,66.91389266111482,28.037918685688815,5.430862902993772
2021-09-07,-17.910115453667316,65.90225384717206,28.561947626553483,5.061227293649995
2021-09-08,-18.169727665319407,67.75978708460718,31.50500950900029,4.380441331516568
2021-09-09,-16.910764311947112,66.85525154477043,30.976414582605283,4.122222267101999
2021-09-10,-18.403497087080538,67.76400113557433,32.89260609146706,5.9948117280365345
2021-09-11,-17.9200320768677,66.87513878812452,33.91793222112697,6.382882308082287
2021-09-12,-18.348607440098775,67.79343121113172,34.10480809795864,6.637810188359395
2021-09-13,-19.276801911480142,66.2370491826465,32.284905609154926,8.178048009345652
2021-09-14,-19.837837099607807,66.47470977577458,31.75726732635641,9.305389412299705
2021-09-15,-19.121911112010196,68.24707782707735,31.533634795831162,8.97703365708464
2021-09-16,-17.50210866127205,68.81348161367364,32.248828502709664,9.447689750238021
2021-09-17,-16.186767284488774,66.52310013348055,33.89062166978378,8.396307598152145
2021-09-18,-17.121944176525048,66.23041921427343,35.15580330661286,10.03678992448491
2021-09-19,-18.595088287881474,66.27945858273189,35.52551310475817,11.480108800362775
2021-09-20,-18.65609744609611,65.95954567729032,36.44724815151143,11.975174529316343
2021-09-21,-19.94320873480931,65.81299637567452,37.64731579331091,11.297685482455611
2021-09-22,-18.4100020965048,66.67208065886888,39.12528523885449,12.204064645021448
2021-09-23,-17.745462116748232,66.50643108763823,38.0297586172639,12.950643548654051
2021-09-24,-18.44138116997515,66.68457236833103,38.09562685893569,11.888166254572802
2021-09-25,-18.358642243407278,65.77327238884897,38.572203399783774,11.780260060265778
2021-09-26,-19.592189947150516,65.53350803242581,40.26535752314628,11.641678221375646
2021-09-27,-19.036911918550725,66.13334712535179,39.033266974799766,11.935373287568456
2021-09-28,-21.05768891959341,68.46054887781226,40.00103852531896,10.64164094939135
2021-09-29,-20.054204206184814,68.15947361222045,40.12851188090841,11.381631003756306
2021-09-30,-19.395496510709513,67.78385068640212,40.238260786289125,10.882206300389962
2021-10-01,-19.274956120327168,68.89611930347611,41.57933458806871,11.503344726583203
2021-10-02,-19.575160824124797,69.44916422849111,41.59726316534096,11.575552218059643
2021-10-03,-19.039591306524027,69.33865350753779,41.90780410665085,9.990811679932452
2021-10-04,-19.024814569110376,67.36824796979673,42.442870314032206,8.693860238412817
2021-10-05,-19.401387525169064,67.60510157332806,42.33165354403629,9.550928729571392
2021-10-06,-18.67448165906162,67.84972849882924,42.428351441800196,10.396301761808186
2021-10-07,-19.033901296310894,67.51133123763363,42.64737072320113,10.264848854561519
2021-10-08,-17.82039120210976,68.22430951876304,42.14049520686328,10.205411458300695
2021-10-09,-18.326654248874252,66.53039028134867,42.84807321810391,11.988538950395597
2021-10-10,-17.28373756275132,67.35652171023705,42.64806965336076,14.032028307529686
2021-10-11,-17.470963665178317,66.88719801189458,43.917451918292876,13.32017838088323
2021-10-12,-16.91904946842053,66.44735740182144,44.30439800142039,13.929374606715362
2021-10-13,-15.99929398561906,66.72811192014349,46.02812878979943,15.852415550510617
2021-10-14,-16.688804944728698,66.38623787129926,45.8125326369825,17.33179548121919
2021-10-15,-16.515768187787344,67.52496948727658,44.76534839017647,16.81220981497188
2021-10-16,-15.612466056419997,67.25593195210897,46.551875286760364,17.0775487984008
2021-10-17,-16.23410668288142,68.29652511457326,46.99384091964552,16.134199048459564
2021-10-18,-15.394995534540689,68.85919184112436,46.982330769685916,16.916353573115586
2021-10-19,-16.69474242468288,69.87310221460851,46.05510593852515,17.704858869044635
2021-10-20,-16.34435829920269,68.07574338631672,45.81779374619123,17.891545197710226
2021-10-21,-15.89716114868768,67.46775169504221,45.92255242666887,18.976370535156953
2021-10-22,-14.658603691193584,67.78631914761301,45.86450578585459,19.289009553242217
2021-10-23,-14.60021667375373,68.0103547519248,46.15605298694806,19.204923014768994
2021-10-24,-14.031999350808348,68.71339564976742,46.742136376248155,22.124138743859948
2021-10-25,-13.580281422707305,69.76062205981957,47.291784584097506,22.448288030767493
2021-10-26,-12.42799434853008,69.33818453093376,48.62959821073621,25.42384033601226
2021-10-27,-12.292204869951856,69.59943406575165,48.07569656275032,25.560951581547698
2021-10-28,-11.69623256496515,69.0154868103694,45.481274349153736,26.262295354918205
2021-10-29,-12.84671190488092,71.11016231368973,43.86419412543702,26.302594488237943
2021-10-30,-13.350964838281849,70.76963316338471,43.825420228364706,27.341359145028402
2021-10-31,-13.785609973240273,72.69383189474011,43.080224621440216,26.062721480245095
2021-11-01,-14.45079502700853,73.35619747468473,45.31402861317816,28.115414699408998
2021-11-02,-14.782161711665474,74.15445746823325,45.03858810921543,28.956181446120116
2021-11-03,-12.974538856374528,73.54944486122214,45.011430056065194,29.321978558042147
2021-11-04,-12.932179855636146,72.9932755061955,43.046774852063386,28.979541064091876
2021-11-05,-12.323093931748403,74.11145194463874,43.15276656761599,28.7821545002525
2021-11-06,-11.839895257285768,72.3346117025537,43.436320949706534,28.51302994711692
2021-11-07,-13.158587186071363,69.29253029521477,44.104348783682646,29.221904929339964
2021-11-08,-13.270619362723261,67.64019589404354,42.46697116780009,29.14650488687842
2021-11-09,-11.622936451944119,67.31178929045865,42.780304756197076,27.894637270115854
2021-11-10,-11.175854353302135,67.34696012258993,43.760090771209015,27.197790689143904
2021-11-11,-11.900570574079474,67.75246398409678,43.19940406427079,26.93023577417612
2021-11-12,-11.914483666140287,67.6418033539905,41.91941462678318,27.376786185624564
2021-11-13,-11.3625022421883,69.37255924490745,40.77987194356778,27.083710420579962
2021-11-14,-9.68423161101486,69.25670136372509,41.170117173323035,28.325796858901107
2021-11-15,-9.017059440366541,70.46243162741771,41.21198259703388,26.859589235445327
2021-11-16,-9.392571146578806,68.68307570282656,43.18179258463081,27.07119811373502
2021-11-17,-10.295379792320631,71.01338339241585,42.773678782233716,26.92619005427143
2021-11-18,-11.402714009284402,71.93760824651962,43.76249939309506,27.078088995844045
2021-11-19,-11.52790213369294,72.37172052211501,43.86026213231865,27.38192072200793
2021-11-20,-11.470112248522316,71.96896240306256,42.07653915775211,28.27207970229681
2021-11-21,-12.169508521998296,72.19989275411704,42.21827850815722,27.605974961372997
2021-11-22,-11.61650467340163,71.74190777588927,42.06349823089125,27.37203138034316
2021-11-23,-11.512482780251595,68.37493150269852,42.81849820326855,26.764453355204274
2021-11-24,-11.492630014663284,69.71358114360211,42.46485920047891,28.59332083431774
2021-11-25,-11.632170500554565,68.43846268648484,43.18418599730257,27.943841467543013
2021-11-26,-11.268092484730914,68.76634399037007,44.91455505876263,28.914117831560336
2021-11-27,-11.657824361157745,67.49103659540782,45.67706040437261,28.918956227249073
2021-11-28,-13.299306792040516,69.53441383720953,44.84163515570866,26.6176061785266
2021-11-29,-15.017723099364334,67.91703581238576,43.86310545694768,27.12625341001297
2021-11-30,-16.30346420952812,66.9781757572113,44.19015624736536,27.488932934152185
2021-12-01,-16.98707469404829,65.13559747483323,43.09269681172186,26.816957508834037
2021-12-02,-17.954247056694133,66.05980366737205,41.438358104696135,26.70585702256632
2021-12-03,-16.854294309234998,65.55884263379123,41.417616329225076,28.109558438694325
2021-12-04,-16.499109189721132,66.07558892675556,40.28426473858567,28.253195822782864
2021-12-05,-15.805459862092288,64.53234879968605,41.04487850096954,27.563344804229146
2021-12-06,-16.29920866500637,63.38907692597431,41.41634011036344,28.24918297170032
2021-12-07,-15.986070649390149,62.33489241186508,42.797562796108096,26.980027690462183
2021-12-08,-16.94156795468301,63.145083396652744,41.83558269239561,26.280021607057012
2021-12-09,-17.337055007779284,63.80029950261915,41.61233096095082,25.646115630699473
2021-12-10,-17.03935271293875,63.52940155218421,42.520980098389295,24.58756750517665
2021-12-11,-17.387409931643226,63.75166495582919,43.273862800706965,25.368833223506748
2021-12-12,-15.32631089265141,64.0860150881945,44.688456937265194,25.6402519167588
2021-12-13,-15.70715242618509,63.7565020371036,43.29793634459502,24.595452270238937
2021-12-14,-14.29235614763535,61.627718537534896,44.61290436572452,24.56665791873197
2021-12-15,-15.396493775267954,62.45489843858307,45.68437400318494,24.163926517496506
2021-12-16,-15.811755358507664,61.856177706061764,46.901180738679656,24.068462451708744
2021-12-17,-15.843519131349117,62.72313328150298,47.27119016068369,22.87911137133572
2021-12-18,-16.69753366113957,61.64316495409516,47.709385470610975,22.61817141843063
2021-12-19,-15.964549169501126,61.80281296080608,46.6359461731498,21.996336338618466
2021-12-20,-15.554160769386248,62.13137265696596,46.22170413265038,19.778153680173073
2021-12-21,-15.465392602427022,62.21890677796475,46.183891049337504,17.869066078736516
2021-12-22,-13.25657877520161,62.46461745793884,47.08560364071082,17.983087207961375
2021-12-23,-12.741424292885531,63.134764675704155,46.24534662158096,17.726186522764074
2021-12-24,-12.803844650614803,62.039593122510276,44.74282436618479,17.117738785358615
2021-12-25,-13.469140330952406,62.98865979152315,45.41791124745508,16.762115172613576
2021-12-26,-13.889872314759968,64.16882381339902,44.41848882275625,15.521649775719828
2021-12-27,-13.688350775548699,63.596873997503806,44.92465654982935,18.05260938982355
2021-12-28,-13.746246677416698,62.5119133382876,43.47456455662462,19.137762104193733
2021-12-29,-12.487253928619475,62.41479196571777,42.52647577826533,18.50550691933754
2021-12-30,-12.955536176182916,62.331204064941495,43.218698121955285,17.65842775910457
2021-12-31,-12.595776847848965,61.28320955012906,42.18552456330747,17.14616829656074
2022-01-01,-12.471699221404904,61.72187204175301,42.31537713572104,17.537366845304305
2022-01-02,-12.001655712848008,61.526162067411676,41.69789495604982,17.716563623571027
2022-01-03,-13.0630704756507,59.65736394349961,40.405822970542665,17.100565317929732
2022-01-04,-12.591093062825466,59.9303629220681,40.57091889329836,16.790421737755267
2022-01-05,-11.604786076083355,59.20942692876886,41.10166107587368,15.667355022977244
2022-01-06,-11.323162145961899,59.22730513387862,40.07561180746629,14.792562449130832
2022-01-07,-11.47718215761251,59.589679734486516,40.60506517147799,16.994195783631483
2022-01-08,-12.44046752852616,59.987907282560286,39.145299957491694,15.614714724712886
2022-01-09,-13.901346914315578,60.96086635759806,38.605626404987866,15.29860747481263
2022-01-10,-13.749309223175265,61.88381242668047,38.49558612097891,15.451860076506422
2022-01-11,-14.777673250148744,62.72087652863879,39.221379842948714,14.216304776920728
2022-01-12,-15.846311258417721,62.23153777678122,39.7692689752037,14.409622851399657
2022-01-13,-16.84608506597922,62.34115271179268,38.91767338384551,14.838343938492011
2022-01-14,-16.018080553917148,61.13058433049826,38.94928077289558,16.877207328193315
2022-01-15,-14.742680823796103,61.40599285058696,38.29430681270875,16.476194131545697
2022-01-16,-15.459308569460667,60.565894106083235,37.90511092870978,16.846768132250304
2022-01-17,-15.875056749310875,61.04247523284214,37.98616279893981,16.799608747166324
2022-01-18,-16.6001624025014,59.438270267047486,38.89580227806082,17.917238231970213
2022-01-19,-18.279088298894933,56.8050184940204,38.61482847767546,19.656409909498993
2022-01-20,-18.788861203171173,57.85688608084847,39.44291611611554,19.616054570385778
2022-01-21,-19.812830099132093,56.718422651123724,38.286665094094325,19.235901969047884
2022-01-22,-19.509657194809357,55.30280954063018,37.3021549253335,18.728322595274644
2022-01-23,-19.524940791652085,54.64232652972439,36.632834522224144,20.189850063257097
2022-01-24,-18.670011197241745,54.18997687347417,36.841790800439206,19.8287323276515
2022-01-25,-18.502245438101447,53.94744549850894,36.497890744672354,18.907485040535438
2022-01-26,-18.519557266593104,55.348059111526624,35.73099914997091,19.198331221927113
2022-01-27,-19.228283411244384,55.72393442496778,36.50075811906624,17.92596361930062
2022-01-28,-19.122015296249376,57.806134095259495,37.4487700251251,19.804961800333402
2022-01-29,-20.429396910280914,59.34590147074603,37.81715357029033,19.850192064551916
2022-01-30,-21.26103589034742,61.064890913110645,39.37341022979398,19.46018240131246
2022-01-31,-19.44089532725342,62.082405241003315,39.79396540335302,19.218207184571305
2022-02-01,-18.785708349704887,62.543208922631074,38.93832474105534,16.864649859710614
2022-02-02,-17.39536513529848,61.93701466646493,39.37706975490001,18.026969723511623
2022-02-03,-16.576171177525737,63.76729607359844,38.6756473892649,17.11550021117364
2022-02-04,-16.846533855658343,63.94848895374996,40.20862133299775,16.458204419504302
2022-02-05,-18.219939497625255,65.2409457830314,39.72388371906922,16.334048114133697
2022-02-06,-18.89913690476332,63.16344337091937,40.20336343395036,16.058811774472712
2022-02-07,-19.481399479532303,61.52748530959633,38.66789020426297,17.673559398035504
2022-02-08,-19.03660195743355,61.800143433882916,39.4910728932158,16.615682099506373
2022-02-09,-18.51308476114741,61.90788414281369,38.64339284045106,17.510532400526913
2022-02-10,-17.639685565024063,61.68905666547319,38.440965713717844,17.876555444456603
2022-02-11,-15.693006604193439,62.148924245733866,40.66664711082393,17.656101256217408
2022-02-12,-15.155223069843514,60.81065601973813,40.227457539478685,18.639891306962326
2022-02-13,-14.405224572504423,60.55524534998565,40.010800820058954,18.214421050974465
2022-02-14,-12.730016128511354,60.177527790957384,39.26799533360633,17.611432485356655
2022-02-15,-10.79738772808627,60.55277521091443,38.899459071032446,17.74838275746948
2022-02-16,-10.872003389362908,58.21999778038186,40.23798760154771,16.154514926300504
2022-02-17,-10.893149775515463,59.41099350453787,41.00862890763042,16.632081466146484
2022-02-18,-10.09460064760385,60.8424244676945,41.55754974902375,16.694656931469076
2022-02-19,-9.382205892760023,59.74495041229716,40.107301837928155,13.976917951689947
2022-02-20,-10.042449557082834,61.034882803536846,39.21219785747289,12.683349535597772
2022-02-21,-11.935500446059578,59.925160079390075,41.57349016018155,12.476242210775515
2022-02-22,-13.232411881994828,60.80283560341498,43.61226815915987,10.6582110002438
2022-02-23,-12.067518916470553,61.7686660487641,42.59382675391484,10.535814636045677
2022-02-24,-11.85139335889753,61.114339220433536,41.80967355417101,11.939029554995557
2022-02-25,-10.561640494271039,61.16060729585183,41.74666310281619,12.51657379848637
2022-02-26,-9.418750530352272,62.940492081916155,43.23763630157131,13.891639271054958
2022-02-27,-8.457925757219403,62.85492735906059,44.06318251802944,13.495523732427548
2022-02-28,-8.47615493789026,62.48074600764334,43.09067155824763,13.198694815014928
2022-03-01,-7.164382380231159,61.95556469976716,43.97314414218077,12.913704641903484
2022-03-02,-6.394690613740483,62.92050304532524,43.12799136235117,12.555831412213733
2022-03-03,-5.943954874583956,63.89776154675107,43.39831702484829,11.683548855769901
2022-03-04,-5.554793289757965,64.17173722408748,43.2033645402333,10.70848301462517
2022-03-05,-6.587146184731699,64.40328225447554,43.83362794802346,11.628250733382343
2022-03-06,-6.256478381750521,63.44307058527761,44.072086382447,12.688426151335127
2022-03-07,-7.60023378209467,62.93564677436802,43.26677418535575,10.741308738478565
2022-03-08,-7.712180336075975,64.10138314761268,42.39942083234315,8.99925396283306
2022-03-09,-7.3992860917024394,64.02017330818833,42.91576941340304,8.104406759796838
2022-03-10,-8.595903991571792,64.88729377624237,43.796496404548336,7.585203463776989
2022-03-11,-9.3037325434439,62.91851761550981,43.238178685567156,8.840470218226995
2022-03-12,-8.117624738656254,64.48961839962254,43.77833682166029,7.602991006378077
2022-03-13,-8.934454521951986,65.43176168355822,44.84240617895169,9.426247999108778
2022-03-14,-6.701388721569154,65.43180558085747,44.62155239946141,8.79452599890457
2022-03-15,-6.189217525031227,65.3383734307076,42.30667548719231,9.61134806320468
2022-03-16,-6.178303339954521,66.59966678301214,40.83396105799736,11.015181392336501
2022-03-17,-6.2353336519293165,65.99458099554636,42.352732764961765,11.810764337567749
2022-03-18,-5.229325429147972,66.2854799382078,42.77507464216824,11.542265010688526
2022-03-19,-5.066880168038168,66.26102460457464,42.83857201462142,12.243959740665346
2022-03-20,-5.954578648034231,66.98622282814047,42.800821724067596,13.09051092143336
2022-03-21,-4.866114689120705,68.71966901642598,41.1081834359371,11.77456895246033
2022-03-22,-3.68032019887816,67.40669938663144,40.83687573476742,12.796618440530885
2022-03-23,-2.4363649734523234,66.61048028643243,39.79123502851488,13.404298889962188
2022-03-24,-2.3731370404798255,65.34500681148381,40.3533103540625,14.413387941271708
2022-03-25,-0.6000633506759667,64.64621036641005,40.25338084603252,13.31550872219249
2022-03-26,0.569130136978024,65.85238485441288,40.93499688197281,14.241692061878604
2022-03-27,0.2028024521692101,66.65934852667016,39.66260760693637,15.172945876018654
2022-03-28,0.6085320249580247,66.64464409052361,39.31942028098976,14.882071057984259
2022-03-29,-0.10570461148449739,67.6228760667709,40.36824398282201,14.525886700106291
2022-03-30,-1.1444921345783854,68.65449890128473,40.75519907493959,13.718085329540026
2022-03-31,-0.40304351461254906,68.7974901165235,39.546025455473206,13.604375520909095
2022-04-01,-1.197801831774614,67.2659034538425,41.4469780972653,13.495973386272867
2022-04-02,0.541947128584578,65.72800526382542,41.94700990758332,11.786059205312668
2022-04-03,1.5384243546731493,65.9687351080141,40.77113085299597,11.239134116843674
2022-04-04,1.8458057770900647,65.61837700413503,41.612084363508465,11.215689129700454
2022-04-05,3.748683078978244,66.54512116965269,41.51949553481232,11.836971145949347
2022-04-06,3.1164995013235792,67.79324029020235,40.83501820019278,11.596397582160362
2022-04-07,4.548668860165279,66.21644213775551,39.715398797391444,11.68933374301506
2022-04-08,3.8437120378805436,66.10812656966311,40.896889803521496,12.401313556999062
2022-04-09,2.8967402677508316,66.77178746927822,40.34305485068833,11.140190001776023
2022-04-10,2.790850108180667,67.5651071956625,39.760298916143235,8.774570608688405
2022-04-11,1.0432868317019137,64.97994552585212,39.344472713415456,9.763474567476315
2022-04-12,0.48020981703040966,64.6986511927893,37.810058147591846,9.816983130188813
2022-04-13,1.2467705392362771,66.11118826326799,37.99482462887805,8.515125092118133
2022-04-14,1.0519245872108016,67.10572255097867,39.10538746582388,6.789514466175019
2022-04-15,-0.7800455446367669,66.83522480048127,39.273538565421255,5.613005255198609
2022-04-16,0.9936167437181975,67.01479236554668,40.619703389054926,6.530581146638829
2022-04-17,-0.47340282617479135,64.7179916932727,40.00670969073257,6.966227456392513
2022-04-18,-1.851730233632655,63.46359109346722,40.048599323474946,7.557435616085204
2022-04-19,-2.2951723591841695,64.0797956929477,38.61907766560775,7.171326084372586
2022-04-20,-2.7232530056736044,65.19439344103857,38.786548113236705,5.943285536893464
2022-04-21,-2.7138603916236264,65.18098946760544,39.09974539670795,6.547642597218829
2022-04-22,-0.00048616989521121923,66.06483851922692,39.337178679732304,4.570721894050164
2022-04-23,0.46015249370136135,65.16301029901382,40.36629522424626,4.220754228443543
2022-04-24,0.543141652727441,67.0264926039375,39.13655607085384,3.552698574821753
2022-04-25,1.3159138802485728,66.04763657154064,36.7095639701855,3.754961703313789
2022-04-26,2.11099560734573,67.73608441998724,36.87868707707755,2.6865993854306724
2022-04-27,1.3362113027363902,69.65712451843486,36.560408308482735,3.093792840704473
2022-04-28,-0.40876517739143936,68.83878095719452,37.8215552182878,3.9543665321351718
2022-04-29,-2.2971060145126874,69.32603756002698,36.808368398351945,4.881001937832511
2022-04-30,-2.001123168068209,70.39896995742058,35.19435897777513,5.180698904601083
2022-05-01,-1.560734962219465,71.74985598760226,35.754173680092,6.611629130625857
2022-05-02,-1.9237827267775143,69.11102813542921,35.343050741798606,8.847894646533643
2022-05-03,-3.19773096047481,69.74204610349797,33.604018148536106,8.240580567598569
2022-05-04,-2.342804042926574,68.61275089668185,34.64555073645833,8.86709245949994
2022-05-05,-2.6207459489364138,69.38977597300473,35.12227713090025,8.59129061745523
2022-05-06,-1.733482438218814,70.19109737197957,35.25717303610106,9.080128876741066
2022-05-07,-1.5385648683687834,71.09923226965945,34.76173837923787,9.471796663901712
2022-05-08,-2.065095091960524,71.81130328544015,34.08229581224307,9.333850730206837
2022-05-09,-2.4830021836849205,70.17728810040326,35.22859960258981,8.306981544221538
2022-05-10,-1.9761844042603947,70.21665711949342,33.03781845486553,7.7863281182468596
2022-05-11,-1.5261619468971077,68.65339789259659,34.2080952798387,7.922241120950308
2022-05-12,-2.733444089579943,68.53356114078801,36.81725171350222,7.185339986643746
2022-05-13,-2.807340460254447,69.06691581434224,37.10675654741919,7.091346728645204
2022-05-14,-3.566743175109835,69.55475167581692,37.86662735789687,6.664520029387959
2022-05-15,-4.45183819593767,69.39437321966071,37.78852717581522,5.679529096345817
2022-05-16,-5.048249139593775,67.55149255018812,36.67654769358977,5.845485023055873
2022-05-17,-6.730674220760395,69.55746724936097,37.709828000631624,6.796516735236628
2022-05-18,-6.7309239337207805,69.28429652584724,37.70507730368073,8.267755019190801
2022-05-19,-6.069650510504831,68.88756307368568,38.62786902965532,9.141068207199755
2022-05-20,-6.298860494277886,70.18353905143013,39.42925784854385,8.713262814790133
2022-05-21,-6.837640380974627,69.49171325211289,40.44545649943217,7.054553429781432
2022-05-22,-8.66467512485603,69.20263129407365,39.440179982401354,8.01143679898687
2022-05-23,-9.406284028265413,69.1858441795234,38.49400677882045,6.891837023844827
2022-05-24,-9.182978437260726,69.63177191296883,37.91670053547961,8.609464530216853
2022-05-25,-6.9545828247264865,70.22835591872058,39.131308962045026,7.553173025236649
2022-05-26,-5.372675889227573,70.38900448555356,40.118063923682165,8.942837947329505
2022-05-27,-7.277780389652888,70.64564571852061,38.45096540378815,8.08123164671808
2022-05-28,-7.395368457067681,71.98315972515724,37.441205381481524,7.763510582231621
2022-05-29,-6.197624906795404,70.80734310135777,35.880239169083886,7.504093916066248
2022-05-30,-5.484045984206539,71.0496195380721,37.8385913063884,6.84872102668246
2022-05-31,-5.913552281993643,70.57738260851544,38.8822820739563,8.532741932367237
2022-06-01,-6.607684937684359,71.28280823779012,39.433644265800076,6.742689823751735
2022-06-02,-7.026308769786984,70.02718716489939,39.321245409515534,6.971833126664614
2022-06-03,-7.617269295501661,70.60376784789976,40.07141925895051,5.151158336406203
2022-06-04,-7.009149034389354,71.18706839358049,39.71978202144902,4.4199291213604095
2022-06-05,-7.4796857720904635,73.59618931431514,40.26392930425817,3.6023484273747277
2022-06-06,-8.346401928721907,71.86129236118435,39.399035268648895,4.658763809281579
2022-06-07,-8.618148382950187,72.56110413745203,39.79406107537405,5.877396070462064
2022-06-08,-7.45960345999018,73.39451794872339,38.346284018328326,6.029356944327611
2022-06-09,-6.501081680861811,74.36572542260275,39.83290007984906,8.479730252462218
2022-06-10,-6.809706950091881,72.92811476717917,40.29295138358047,10.085359074026533
2022-06-11,-6.890813617969973,74.88045671684628,40.05486543859865,8.99905155441521
2022-06-12,-7.24042669910607,75.6942882700228,39.21287126016984,9.503363264099505
2022-06-13,-6.2789657744720655,74.68687668831609,40.09471453457557,10.025673557109116
2022-06-14,-5.782843379706575,76.1275171211297,39.32200968627381,9.104116597272627
2022-06-15,-5.704713516017423,77.4802310429362,39.55714319675599,10.242128337728355
2022-06-16,-4.595434773688563,76.65965565112387,39.86368753568658,12.297814360288486
2022-06-17,-4.52307679464712,76.41865739018417,40.22384750328828,11.788162677208062
2022-06-18,-6.168325156982838,76.82204229594554,38.84408069975029,10.367738492914047
2022-06-19,-6.996155542944702,76.2903581266926,39.92377859860848,8.422244203388482
2022-06-20,-6.017061685979364,78.31722517519826,39.49472753381471,8.877475812436009
2022-06-21,-5.264131959771207,78.22767918542904,41.70387840377066,7.6082161841160625
2022-06-22,-5.648989669056846,75.00209246542248,40.43669356767992,7.4255556494049975
2022-06-23,-4.576672339472003,74.97349998730364,40.5936143533023,6.9847644546425505
2022-06-24,-4.550749651476476,75.71037918165979,40.761398695441464,7.950329075078038
2022-06-25,-5.97100942052276,76.54986601169364,39.00334909764205,6.87366112060628
2022-06-26,-6.755744268576707,74.28980974077031,39.005516239540334,5.7675315896943005
2022-06-27,-5.384801494855043,75.98032385904929,38.62185982316062,6.0380723165545085
2022-06-28,-4.34490847079673,75.9692259603264,38.87973825231711,5.709403844341318
2022-06-29,-3.361602465249767,75.75118942210156,39.0454232598921,5.9332883963813385
2022-06-30,-3.277993126039039,76.2653723700873,37.6892002428409,4.984534232105568
2022-07-01,-3.7727976212337535,77.05916731388247,37.724549782359006,4.653807462749347
2022-07-02,-4.945404419994757,77.17254929741055,39.49776849371386,5.005584768151695
2022-07-03,-4.450064724657784,79.54696409565787,38.74073223097448,5.227390507288542
2022-07-04,-5.161001474066441,77.83625450139198,40.49730391933531,5.2331756849618305
2022-07-05,-4.5020827648762545,77.94968790751767,41.047679969651185,7.553570232160865
2022-07-06,-5.294478664199559,76.83902979438744,40.95574768525876,7.088455593551029
2022-07-07,-3.9234159698371176,75.50760815460764,41.428261468045456,6.475136784439315
2022-07-08,-3.5805046200586466,76.45461199331675,42.08239446357191,5.510488244429465
2022-07-09,-5.2954061515555,77.55365070003602,42.86502066455193,4.7981129252542845
2022-07-10,-6.052871375705722,78.50884218734433,42.84615155827343,3.0284441975361944
2022-07-11,-4.396338878245804,77.76864251494254,44.0722106734219,1.6858923972989175
2022-07-12,-4.206615902299731,79.00824970968542,44.79923641109999,2.674352132682249
2022-07-13,-3.5225924292849484,79.99320143914798,45.01125525984336,2.452670540641618
2022-07-14,-3.9567811913938407,78.85274168066708,44.98422771637916,1.1480198053942703
2022-07-15,-2.769202832297239,79.29238063431671,44.48959138166419,0.7850412231020247
2022-07-16,-3.363969662136221,79.32827451062259,43.333520820007365,1.8591628442695523
2022-07-17,-3.9979224098326975,80.60496264180138,44.76696751100877,3.093783198880376
2022-07-18,-3.5982227611436977,81.5098731341608,43.4611785454378,2.099935020008073
2022-07-19,-5.036896149301007,82.21350339139768,42.05547170853346,1.2059726098152084
2022-07-20,-5.515998645702323,81.56201385217584,41.59522840454653,1.43040146181773
2022-07-21,-5.1832950006496175,81.65641369573115,41.24918694374238,1.830153194898736
2022-07-22,-5.444278390824596,83.24251404491375,41.579526109417635,2.2871191694115813
2022-07-23,-6.607885869193256,83.57474930409931,41.35562441673308,3.2933867257299108
2022-07-24,-8.319226875723768,82.78960990277312,41.160616572361874,3.174824066522839
2022-07-25,-10.883825354035116,81.26268297497323,42.086596620348296,3.2151757607136955
2022-07-26,-11.912626022474557,81.82712394972941,42.20742324095298,3.8456498680968427
2022-07-27,-11.210206084524605,80.96200896040116,41.040247345047256,3.8999764061133795
2022-07-28,-11.852358194185689,81.49431395720197,40.68793847497694,3.6406026530504416
2022-07-29,-12.490385323405667,81.64650976574887,39.411160463902036,2.70316150964928
2022-07-30,-13.485006471153541,80.3148915493812,40.364589570865235,3.0898500206005974
2022-07-31,-15.674427308320816,80.8927476778418,40.116667050446935,2.3628318312732732
2022-08-01,-15.546726603915548,80.63292016356435,38.41083509115763,2.9191929632379163
2022-08-02,-15.53776672404496,81.01408562063394,37.62316920133616,2.4692700848068734
2022-08-03,-13.716443371236233,81.43992601973142,38.26866373367089,2.3999827874352473
2022-08-04,-15.995670772465807,82.69546740856063,36.65630642700517,2.579955950637385
2022-08-05,-14.61510255751197,82.65062341942513,37.3772451013323,2.612141783638145
2022-08-06,-15.293873191384273,82.42424495884312,38.81759388896263,2.396382029434025
2022-08-07,-12.988407233351925,84.57885352222463,38.12546566718076,2.911204638128236
2022-08-08,-12.740654384238562,86.70849376907627,38.28783791084183,3.5179788203737004
2022-08-09,-13.465079128942982,87.92478634038423,36.520940267660166,3.7718385992441763
2022-08-10,-13.070445119493748,89.12362314587133,37.39484868752336,3.5444151313881074
2022-08-11,-13.555625267136094,88.55903541925063,36.97398950374159,4.058149062593777
2022-08-12,-14.116465854895923,89.57818641122914,39.3328024442367,5.383046559706661
2022-08-13,-15.054662924556204,91.35197494647993,39.95283798513854,5.003074738542006
2022-08-14,-14.590069388589855,91.95609296452014,39.960515510807475,5.220508400948072
2022-08-15,-13.054475099110416,91.14110671419242,40.35536563239837,6.056858404266751
2022-08-16,-12.331367763433235,92.275455943137,40.6846999339855,4.2800749139728325
2022-08-17,-11.086587987581545,92.91751378217971,39.41175899497006,3.653324151790728
2022-08-18,-10.429445033203091,93.87365111189682,42.42267687858302,3.3414379784428925
2022-08-19,-11.337879234516294,95.01385315816614,41.1271437697748,3.155311710888661
2022-08-20,-11.012820797146963,93.58224690711393,40.659306593546496,2.213353862519954
2022-08-21,-11.037025235397358,93.59724841641176,39.15014674571124,1.2366024176213735
2022-08-22,-12.40025161582153,93.4704326465491,38.65263263532591,0.20200001365761766
2022-08-23,-12.083149540865993,92.148041266935,37.79042785151526,-0.089512638699426
2022-08-24,-11.491543702424604,92.56953760781477,37.784720328713576,1.1506434205766214
2022-08-25,-11.796777795206848,90.85359610425448,39.13827602242604,1.4939223770563927
2022-08-26,-11.668637111556462,92.63780351592735,39.34562780799524,0.7869857200883275
2022-08-27,-11.435562864835427,91.33330405712046,39.341455246589256,0.7669342396563403
2022-08-28,-10.179494831156571,92.19868824246062,38.95555857488352,-0.1325583924321656
2022-08-29,-10.98237641658048,92.52703389849533,37.96091312629026,-0.02573434476463138
2022-08-30,-11.981612490378213,93.9781316178687,36.76972827783311,-1.1128058866632644
2022-08-31,-12.293466795837979,94.9005621444053,36.50999759131777,-0.6183703075742284
2022-09-01,-10.874750337178465,92.37297619306806,39.661092474264066,-0.9262666210345807
2022-09-02,-10.440899038928793,91.1176632237009,39.343784400994565,-0.8846316249712529
2022-09-03,-11.822770407889703,90.84428975225129,39.150429890828136,-1.3083284063399776
2022-09-04,-11.00626242872609,91.14222519781403,38.30049792288355,1.0859699613235687
2022-09-05,-10.520547615769026,89.77715725103356,37.05022973506973,1.6137008940587156
2022-09-06,-11.04924455603815,89.09760232961857,36.70839720725835,-0.3262663113884594
2022-09-07,-11.191770448564272,89.73438561251818,37.264676595989165,-1.2506991567352275
2022-09-08,-10.317455819548924,89.48920140426658,36.69686631797901,0.14122827583779696
2022-09-09,-10.043642878039636,90.10916585990701,36.10215597983408,0.08359474914580749
2022-09-10,-9.54249843156283,91.78221016499303,36.638284777424346,1.0625563443507529
2022-09-11,-9.423080838674604,92.23466756768067,36.99839314462123,-0.23148196064149262
2022-09-12,-9.741773892258937,92.20483267497218,35.942912742679944,-1.1311514288100493
2022-09-13,-10.833059734093371,93.8528628916362,33.68877381394214,-2.3492786591563117
2022-09-14,-11.368128029061179,92.7217172698433,32.330964885464056,-2.5257653322701685
2022-09-15,-11.937107408048046,93.16647665378726,33.01899280004165,-2.917462782322121
2022-09-16,-11.055192295695953,92.91145382650535,33.09104108077421,-2.707645661974754
2022-09-17,-12.126251954348612,92.535829958921,33.14027087888775,-2.8374269713408107
2022-09-18,-12.908970632642404,92.47872088924561,32.30518000187579,-3.397401019634271
2022-09-19,-15.452968498876874,93.74910383921598,34.44563709745425,-3.692843760153948
2022-09-20,-14.534498986964769,93.79969791801484,34.05335319470182,-3.875581122241726
2022-09-21,-14.672913449566112,94.80111483209377,34.485189044689754,-4.235191361185414
2022-09-22,-14.463419195142151,93.84366444644127,35.43169764619824,-3.119905421399075
2022-09-23,-13.455967734562428,94.27496616909146,34.5565541296024,-4.08602588800759
2022-09-24,-13.797796308957386,93.48188974440521,36.33708989475312,-3.420518212761357
2022-09-25,-13.872549923064698,93.5938968180504,36.17799484622032,-3.2186763047472704
2022-09-26,-14.924197856502516,94.33721703378028,36.76997756808376,-2.00378648972689
2022-09-27,-15.370154601432448,94.97606256509938,33.14742356996738,-2.6985990044072126
2022-09-28,-13.61147077362383,94.90205314329364,33.23268688912243,-1.6809337964469646
2022-09-29,-14.031579352771349,93.61854163572573,33.41047246161974,-1.789691896748981
2022-09-30,-13.136302534706177,93.12488820614337,31.984867548976016,-2.3651423680571177
